image: map.pgm
resolution: 0.080000
origin: [-41.000000, -81.959999, 0.000000]
negate: 0
occupied_thresh: 0.65
free_thresh: 0.196

